62
tr|A0A0F8VBD5|A0A0F8VBD5_LOKSG 0.0000000 1.6982795 1.5586290 1.5716989 1.5693864 1.6875055 1.6393567 1.5838041 1.7093824 1.6092108 1.5614561 1.6881211 1.6326466 1.5888446 1.5513626 1.5525504 1.6121705 1.6359417 2.1608819 1.4473105 2.1355949 2.1354029 2.2995148 1.6164894 1.6082774 2.1584533 1.4642491 1.5876384 1.7149969 1.6152607 1.5892111 1.1805265 1.6082698 1.4656970 1.6343965 1.5087397 1.6117720 1.5421795 1.4861556 1.6726363 1.5976966 1.5547832 1.6643376 0.8166820 0.9135148 0.8313423 1.5394743 1.4957053 1.6380546 1.6364036 2.5951072 2.1399317 2.2536125 1.8230377 2.4468284 2.4655577 2.4655577 2.2723732 2.2968292 2.2533491 2.4384506 2.2511122 
tr|A0A497PW44|A0A497PW44_THOAR 1.6982795 0.0000000 0.3453720 0.2986351 0.3748322 0.0025096 0.3205968 0.2828936 0.2973258 0.3511596 0.2629476 0.2942393 0.2686712 0.3058814 0.3091823 0.2492167 0.2642805 0.3394074 1.9238516 1.1843490 1.8204474 2.5011176 2.6406748 1.4574221 1.6348673 2.0649595 1.3949305 1.3613855 1.0291707 0.9504096 0.9565977 1.4653968 1.3769531 1.4177471 1.5510600 1.4973803 1.4428607 1.5261181 1.5375191 1.4800797 1.5536709 1.4598633 1.4715774 1.2768444 1.3490216 1.2571240 1.3481745 1.4325643 1.4659455 1.5186329 2.7056330 1.7545366 2.3174325 1.7649731 2.2695970 2.2360018 2.1593913 2.2131600 2.1127067 2.2461889 2.3137778 2.1638998 
tr|A0A3L6J7J2|A0A3L6J7J2_THOAR 1.5586290 0.3453720 0.0000000 0.3482652 0.3496487 0.3411070 0.4151774 0.3505167 0.4333991 0.4093318 0.3596874 0.3859426 0.3874740 0.3268623 0.4154788 0.2927629 0.3025629 0.4417526 2.0994571 1.2939097 2.0423524 2.6839136 2.5411543 1.3265277 1.6420840 2.3159761 1.3488972 1.4209051 1.0923815 0.9738198 1.0450897 1.3406916 1.4382321 1.4816230 1.5248735 1.4733743 1.4649875 1.4832507 1.5442987 1.5244588 1.5093780 1.5139914 1.4999172 1.1710050 1.2314599 1.1658220 1.2928887 1.3272533 1.5047019 1.5911088 2.7664965 1.6725587 2.4741051 1.8391604 2.3334448 2.2683750 2.1969403 2.1697637 2.2533134 2.4365123 2.4576680 2.1721047 
tr|A0A5C9E2I1|A0A5C9E2I1_THOAR 1.5716989 0.2986351 0.3482652 0.0000000 0.2977633 0.2946640 0.3429145 0.0831023 0.3545220 0.3505502 0.2938494 0.2775699 0.3068990 0.3206758 0.3028267 0.2193119 0.2254963 0.2836817 1.9286750 1.2821422 1.9503240 2.5442023 2.6165604 1.4180447 1.5875189 2.1587688 1.2951739 1.3044979 1.0146494 0.9335202 0.9718824 1.4168730 1.3139397 1.3564036 1.4583269 1.4636964 1.4197956 1.4214036 1.4321695 1.4339986 1.4538177 1.4216013 1.4081901 1.2331893 1.2754353 1.2321256 1.2696559 1.4007389 1.4200383 1.4507797 2.7210675 1.5318966 2.3154229 1.8332626 2.3554295 2.2364821 2.1804554 2.1409888 2.1876924 2.3063752 2.3170454 2.1261977 
tr|A0A7K4IB97|A0A7K4IB97_THOAR 1.5693864 0.3748322 0.3496487 0.2977633 0.0000000 0.3705414 0.4271174 0.3170140 0.4231296 0.4402936 0.3648272 0.3945922 0.3726152 0.3626186 0.4490857 0.2687729 0.3432122 0.4036807 2.0330758 1.3420063 2.0155129 2.6829543 2.6363871 1.2958736 1.6357769 2.2418301 1.4329737 1.3822399 1.0321568 0.9837676 1.0599245 1.3680365 1.5183846 1.5214103 1.4942063 1.5236887 1.4961229 1.5513862 1.5262633 1.4223575 1.4722425 1.4914162 1.4623174 1.2121672 1.2930389 1.2225873 1.3094956 1.4408752 1.4002851 1.4677838 2.7864637 1.7083949 2.3210235 1.8053234 2.4185362 2.2883528 2.2191217 2.1897067 2.1487042 2.3018704 2.4480926 2.1802802 
tr|A0A497PUT5|A0A497PUT5_THOAR 1.6875055 0.0025096 0.3411070 0.2946640 0.3705414 0.0000000 0.3163610 0.2789486 0.2933393 0.3469203 0.2591240 0.2898386 0.2648614 0.3019189 0.3051574 0.2454267 0.2604918 0.3352477 1.9228476 1.1768548 1.8093820 2.5105091 2.6594117 1.4522217 1.6240247 2.0530167 1.3867178 1.3533191 1.0222797 0.9436715 0.9498969 1.4567973 1.3687886 1.4095434 1.5423700 1.4889800 1.4346247 1.5176357 1.5287929 1.4715504 1.5449364 1.4511842 1.4630768 1.2690928 1.3409748 1.2494169 1.3433996 1.4275747 1.4575905 1.5100881 2.6949868 1.7430319 2.3035085 1.7769459 2.2840069 2.2501307 2.1734931 2.2279073 2.1268566 2.2605822 2.3291715 2.1784169 
tr|A0A524L6Y8|A0A524L6Y8_THOAR 1.6393567 0.3205968 0.4151774 0.3429145 0.4271174 0.3163610 0.0000000 0.3415251 0.1649502 0.3980301 0.3425404 0.3638726 0.3110115 0.3328951 0.3723081 0.3246571 0.3260369 0.3950450 2.0826446 1.3306118 1.9817260 2.5783983 2.6469178 1.4859138 1.7986638 2.1594686 1.5567056 1.5462254 1.0725591 1.0696065 1.0842186 1.5189423 1.4730983 1.5673489 1.6102785 1.6522571 1.5353784 1.6501459 1.7141097 1.5611084 1.5848911 1.5228026 1.5894113 1.4327960 1.4592365 1.4426809 1.4233881 1.4999540 1.4807258 1.5307093 2.6630864 1.7971092 2.2681512 1.9099038 2.5734191 2.2233305 2.1051293 2.1862256 2.1965341 2.3902239 2.4224131 2.1168183 
tr|A0A842WQP7|A0A842WQP7_9ARCH 1.5838041 0.2828936 0.3505167 0.0831023 0.3170140 0.2789486 0.3415251 0.0000000 0.3618508 0.3773138 0.2992551 0.2892066 0.2926148 0.3336197 0.3136186 0.2472271 0.2302103 0.2777163 1.8631962 1.2730498 1.8936874 2.5100648 2.5319560 1.3532312 1.6187242 2.0628847 1.2677985 1.2612166 1.0014348 0.9170918 0.9494514 1.4266107 1.2960210 1.3103152 1.4124949 1.4343966 1.4149687 1.3868961 1.4362867 1.4135423 1.4188088 1.4088324 1.4073053 1.2239979 1.2940457 1.2336148 1.2657422 1.4135775 1.3900608 1.4243006 2.6467118 1.6590428 2.3098861 1.8303862 2.3486595 2.2393465 2.1701181 2.1963838 2.2114085 2.3441297 2.2782127 2.1640105 
tr|A0A524G421|A0A524G421_THOAR 1.7093824 0.2973258 0.4333991 0.3545220 0.4231296 0.2933393 0.1649502 0.3618508 0.0000000 0.4056297 0.3231661 0.3393414 0.2569927 0.2851727 0.3587467 0.3168969 0.3307739 0.3757435 1.9604856 1.3613117 2.0190632 2.6767486 2.5955193 1.4736549 1.7397300 2.2366874 1.5849895 1.6325586 1.2034904 1.0815320 1.1610418 1.5774517 1.4753127 1.5176935 1.6121632 1.6715367 1.5811337 1.6372409 1.6489064 1.5872127 1.5980001 1.5430157 1.5596759 1.4429386 1.4555920 1.4428503 1.4476883 1.5243824 1.6007496 1.6743092 2.7205376 1.8197628 2.3470405 1.7930147 2.5371806 2.4159352 2.3256620 2.2932964 2.2207104 2.3845368 2.4415001 2.2614340 
tr|A0A842QF99|A0A842QF99_9ARCH 1.6092108 0.3511596 0.4093318 0.3505502 0.4402936 0.3469203 0.3980301 0.3773138 0.4056297 0.0000000 0.3865666 0.4011629 0.4197463 0.4107866 0.4156448 0.3134487 0.3325379 0.4197349 1.9804479 1.1820111 2.0227845 2.5101199 2.2148788 1.4636197 1.6503566 2.0455319 1.3912997 1.3461028 1.1307631 1.0045968 1.0221474 1.3902875 1.3485124 1.4006816 1.5411570 1.4951183 1.4648676 1.5317429 1.5168083 1.4268036 1.5267430 1.4796850 1.4330442 1.2594824 1.2923468 1.2691044 1.3261809 1.4247826 1.4941583 1.5256574 2.7332588 1.6908113 2.5440623 2.0134100 2.4885226 2.2502042 2.1988682 2.3269741 2.2520124 2.3459829 2.5423663 2.2982199 
tr|A0A135VHJ6|A0A135VHJ6_9ARCH 1.5614561 0.2629476 0.3596874 0.2938494 0.3648272 0.2591240 0.3425404 0.2992551 0.3231661 0.3865666 0.0000000 0.2004362 0.2984906 0.2619064 0.1867258 0.2542468 0.2576941 0.2949713 1.9660650 1.2178417 1.7778145 2.4203124 2.6075353 1.3213717 1.5660046 2.0660005 1.3306199 1.3428602 0.9998551 0.8658611 0.9714746 1.3809727 1.3594296 1.4304318 1.5039017 1.5074443 1.4501892 1.4875527 1.5112278 1.4221484 1.4920926 1.3962074 1.5040820 1.2379116 1.2815822 1.2365947 1.2629135 1.3427926 1.4704361 1.4687335 2.6712639 1.7059686 2.2677268 1.7827308 2.3712773 2.1965889 2.1342456 2.1897022 2.2017402 2.3167213 2.3710115 2.1373186 
tr|A0A1Q9NDG8|A0A1Q9NDG8_THOAA 1.6881211 0.2942393 0.3859426 0.2775699 0.3945922 0.2898386 0.3638726 0.2892066 0.3393414 0.4011629 0.2004362 0.0000000 0.2785760 0.2886364 0.1014943 0.2448110 0.2809911 0.3011338 2.3442647 1.3896943 1.7199559 2.9213964 2.8415274 1.6375384 1.7427837 2.0063342 1.4418969 1.5057012 0.9241010 0.9442591 1.0046311 1.5528463 1.5242837 1.5196012 1.6252624 1.5197647 1.5157841 1.6266006 1.6670201 1.5009211 1.6350375 1.5481732 1.5936873 1.3817566 1.4775450 1.3709484 1.3749358 1.4442999 1.5734303 1.5667637 2.8574317 1.7236519 2.1466393 1.8369304 2.4177338 2.2166975 2.1247314 2.2160524 2.2477449 2.4213427 2.3707960 2.1425445 
tr|A0A524G592|A0A524G592_THOAR 1.6326466 0.2686712 0.3874740 0.3068990 0.3726152 0.2648614 0.3110115 0.2926148 0.2569927 0.4197463 0.2984906 0.2785760 0.0000000 0.2175623 0.3128758 0.2980582 0.3380742 0.3361111 2.0230678 1.2628302 2.0126366 2.5525926 2.5261966 1.5467134 1.6145163 2.1002616 1.3697487 1.3935935 1.0922558 1.0210314 1.0490082 1.4805521 1.3335419 1.3993722 1.4887760 1.5060401 1.3614308 1.4286758 1.4453922 1.4534243 1.4895164 1.2649716 1.4492176 1.2735385 1.3007223 1.2639705 1.3588422 1.4588865 1.4729519 1.4902566 2.6410517 1.7687186 2.3468439 1.8636520 2.4153141 2.3270415 2.2539446 2.2477885 2.2704826 2.4369676 2.3879896 2.2393368 
tr|A0A3L6JJX8|A0A3L6JJX8_THOAR 1.5888446 0.3058814 0.3268623 0.3206758 0.3626186 0.3019189 0.3328951 0.3336197 0.2851727 0.4107866 0.2619064 0.2886364 0.2175623 0.0000000 0.3185500 0.2790757 0.3248198 0.3527223 2.0331542 1.2837262 1.9354815 2.5767536 2.6342080 1.4783183 1.5997326 2.1189732 1.3576422 1.3512045 1.0655349 0.9814010 1.0810765 1.4260706 1.3484054 1.4079244 1.4989520 1.5015529 1.3960907 1.4792077 1.4620105 1.4777560 1.4968652 1.3719598 1.3884110 1.2862302 1.2986742 1.2954305 1.3051816 1.3761513 1.4544861 1.5274095 2.8172174 1.7574977 2.3302147 1.8197539 2.4636440 2.2208300 2.1585902 2.2083550 2.2086971 2.3467576 2.4602932 2.2166156 
tr|A0A523S0Y0|A0A523S0Y0_THOAR 1.5513626 0.3091823 0.4154788 0.3028267 0.4490857 0.3051574 0.3723081 0.3136186 0.3587467 0.4156448 0.1867258 0.1014943 0.3128758 0.3185500 0.0000000 0.2725852 0.3092279 0.3269148 2.1094296 1.2496097 1.8446955 2.4997979 2.5074203 1.5030013 1.6330192 2.0196305 1.4351457 1.4161216 0.9315970 0.8987902 0.9460157 1.3979533 1.4676684 1.4871115 1.5523891 1.4996439 1.4636831 1.5048516 1.5763785 1.4951344 1.5697643 1.4323667 1.5328747 1.2719281 1.3123270 1.2634805 1.3276333 1.3984391 1.5478559 1.5602746 2.6863006 1.7537895 2.3287358 1.7321963 2.3060674 2.1470324 2.0680072 2.1426659 2.1235287 2.2601162 2.2544911 2.1194749 
tr|A0A497PBX8|A0A497PBX8_THOAR 1.5525504 0.2492167 0.2927629 0.2193119 0.2687729 0.2454267 0.3246571 0.2472271 0.3168969 0.3134487 0.2542468 0.2448110 0.2980582 0.2790757 0.2725852 0.0000000 0.1914516 0.3149775 1.7853013 1.2202666 1.7912365 2.6435732 2.6100610 1.3279324 1.5715225 2.1017508 1.2889048 1.3792752 0.9863470 0.8963825 0.9434538 1.3964027 1.3513296 1.3748230 1.4287682 1.4130274 1.3835885 1.4476805 1.4249684 1.3734207 1.4164582 1.4164698 1.3627931 1.2406154 1.2664263 1.2594561 1.2902143 1.3551316 1.3912658 1.4749625 2.6741691 1.5970307 2.2837166 1.7393192 2.2835888 2.0886777 2.0024213 2.0847849 2.0924649 2.2551031 2.2643673 2.0599037 
tr|A0A135VII0|A0A135VII0_9ARCH 1.6121705 0.2642805 0.3025629 0.2254963 0.3432122 0.2604918 0.3260369 0.2302103 0.3307739 0.3325379 0.2576941 0.2809911 0.3380742 0.3248198 0.3092279 0.1914516 0.0000000 0.3074641 2.0192276 1.2606875 1.8730767 2.5549098 2.5452888 1.4352082 1.6988548 2.1805098 1.3820738 1.3509529 0.9846732 0.9321841 0.9900762 1.4475520 1.3732454 1.3865423 1.4810228 1.4560150 1.4664539 1.4880955 1.5071276 1.4289230 1.4689625 1.5383842 1.4418777 1.2938614 1.3089282 1.2893182 1.3170104 1.3820723 1.4534220 1.5088443 2.7726351 1.6107688 2.3598183 1.8575611 2.3661561 2.2409421 2.1516276 2.1474146 2.1896582 2.3502567 2.3955722 2.0855476 
tr|A0A524EKV8|A0A524EKV8_THOAR 1.6359417 0.3394074 0.4417526 0.2836817 0.4036807 0.3352477 0.3950450 0.2777163 0.3757435 0.4197349 0.2949713 0.3011338 0.3361111 0.3527223 0.3269148 0.3149775 0.3074641 0.0000000 2.0930814 1.2828169 1.9523579 2.6554361 2.5737961 1.3637086 1.6456014 2.0855062 1.3873407 1.4490185 1.0595642 0.9624507 1.0061825 1.3553688 1.3071924 1.3497924 1.4805030 1.5353519 1.3761124 1.4237014 1.4438041 1.3683347 1.4559027 1.3657529 1.4402083 1.2714117 1.3654065 1.2478643 1.2920210 1.3921507 1.3974305 1.4132005 3.1247305 1.7562429 2.3576218 1.8537836 2.5668287 2.3669078 2.2786365 2.2955200 2.2202575 2.3630068 2.4209472 2.2275879 
tr|A0A1Q9NVK5|A0A1Q9NVK5_HEILC 2.1608819 1.9238516 2.0994571 1.9286750 2.0330758 1.9228476 2.0826446 1.8631962 1.9604856 1.9804479 1.9660650 2.3442647 2.0230678 2.0331542 2.1094296 1.7853013 2.0192276 2.0930814 0.0000000 1.7122839 2.7148183 2.6412549 2.1938991 2.0489587 2.3226710 2.5958232 2.0288529 2.1367366 2.2769340 2.2443168 2.2211465 2.1730400 1.8656334 1.8075794 1.9348589 2.0002232 2.0191514 1.9219085 1.9286356 1.9162557 1.9347684 2.0005342 1.8736204 1.9145159 2.0134464 1.9259492 2.0686119 2.1021069 2.0356598 1.9867927 2.9312968 2.9740037 3.7716978 2.6149884 3.1280764 3.2926423 3.2926423 3.1179290 3.1807761 3.1764348 3.0475518 3.1109723 
tr|A0A842TRB9|A0A842TRB9_9ARCH 1.4473105 1.1843490 1.2939097 1.2821422 1.3420063 1.1768548 1.3306118 1.2730498 1.3613117 1.1820111 1.2178417 1.3896943 1.2628302 1.2837262 1.2496097 1.2202666 1.2606875 1.2828169 1.7122839 0.0000000 1.5688885 2.0166443 2.1186589 1.2649661 1.2857830 1.6643396 1.1766069 1.2114924 1.4335149 1.2825042 1.2782383 1.4346057 1.0836302 1.0621979 1.1252950 1.2409643 1.1792160 1.1641417 1.1109066 1.2036473 1.1110454 1.2146719 1.1796726 1.1918698 1.2791034 1.2036890 1.1369471 1.0718487 1.2511859 1.2675513 2.7103174 1.8129796 2.1614890 1.5900034 2.1368121 2.2646247 2.1872429 2.0020298 2.0722240 2.1843767 2.0463819 1.9922660 
tr|A0A1Q9NKZ1|A0A1Q9NKZ1_9ARCH 2.1355949 1.8204474 2.0423524 1.9503240 2.0155129 1.8093820 1.9817260 1.8936874 2.0190632 2.0227845 1.7778145 1.7199559 2.0126366 1.9354815 1.8446955 1.7912365 1.8730767 1.9523579 2.7148183 1.5688885 0.0000000 2.6181457 2.6227316 1.7674209 1.9567670 1.0251445 2.2355381 2.2513860 2.0156332 2.0446432 2.1016625 2.1073605 2.1446215 2.0468055 2.0857213 2.1908283 2.2081167 2.1275321 2.0625879 2.1085399 2.1000246 2.1443397 2.2077768 1.8735381 1.9243388 1.8821890 1.7493766 1.7061365 2.0597438 2.1011945 3.7287915 2.5099083 2.8961208 2.0180357 2.5091441 2.8758035 2.7516013 2.5384487 2.4047213 2.4877107 2.6077797 2.5322586 
tr|A0A1Q9NUW0|A0A1Q9NUW0_9ARCH 2.1354029 2.5011176 2.6839136 2.5442023 2.6829543 2.5105091 2.5783983 2.5100648 2.6767486 2.5101199 2.4203124 2.9213964 2.5525926 2.5767536 2.4997979 2.6435732 2.5549098 2.6554361 2.6412549 2.0166443 2.6181457 0.0000000 1.9907235 2.4626515 2.0441770 1.9588502 2.2418831 2.1898971 2.3892942 2.4442390 2.4991394 2.1801009 2.0306096 1.9548782 1.8581749 2.0092904 1.9963834 2.0295180 2.1244041 1.9979517 1.9512289 1.9577285 1.9783413 2.1453422 2.2753109 2.2195059 1.9557286 1.9329890 2.1677692 2.0636009 2.9029176 2.7668033 3.1531898 2.7597291 2.8086576 2.9499499 2.9499499 2.7611768 2.9625717 2.8499124 2.9369462 2.7906644 
tr|A0A2U3CGN4|A0A2U3CGN4_HEIAB 2.2995148 2.6406748 2.5411543 2.6165604 2.6363871 2.6594117 2.6469178 2.5319560 2.5955193 2.2148788 2.6075353 2.8415274 2.5261966 2.6342080 2.5074203 2.6100610 2.5452888 2.5737961 2.1938991 2.1186589 2.6227316 1.9907235 0.0000000 2.2207787 2.4039741 2.3215067 2.6963219 2.3201301 2.3834050 2.3038356 2.4207267 2.4367428 2.3557926 2.2094869 2.2128958 2.3956442 2.4021834 2.3558903 2.1986016 2.3777015 2.1824817 2.3998974 2.3154142 2.2990497 2.5027707 2.2782398 2.3686898 2.3117751 2.2285336 2.2220962 2.8219988 2.8425821 3.0892619 2.6523522 3.2646569 3.3410910 3.3410910 3.1074792 3.3439076 3.3287247 3.3721476 3.0772314 
tr|A0A135VYP9|A0A135VYP9_9ARCH 1.6164894 1.4574221 1.3265277 1.4180447 1.2958736 1.4522217 1.4859138 1.3532312 1.4736549 1.4636197 1.3213717 1.6375384 1.5467134 1.4783183 1.5030013 1.3279324 1.4352082 1.3637086 2.0489587 1.2649661 1.7674209 2.4626515 2.2207787 0.0000000 1.4192284 1.8938800 1.3854440 1.4436002 1.5168675 1.4143240 1.4636263 1.4467980 1.3637249 1.3483708 1.3754851 1.4039229 1.3129968 1.5550625 1.4335806 1.3094579 1.3428567 1.3111674 1.3003785 1.3103518 1.3743227 1.3069587 1.3337538 1.3220504 1.4410830 1.4497118 2.4972166 2.0749921 2.2790364 1.6104193 2.4789742 2.4492651 2.3399436 2.2768646 2.1974917 2.3028874 2.2808352 2.2490651 
tr|A0A5C9F1B1|A0A5C9F1B1_9ARCH 1.6082774 1.6348673 1.6420840 1.5875189 1.6357769 1.6240247 1.7986638 1.6187242 1.7397300 1.6503566 1.5660046 1.7427837 1.6145163 1.5997326 1.6330192 1.5715225 1.6988548 1.6456014 2.3226710 1.2857830 1.9567670 2.0441770 2.4039741 1.4192284 0.0000000 1.9847196 0.6329784 0.7839934 1.6366602 1.4362396 1.4624203 1.3778568 0.6731320 0.6471627 0.4593209 0.6857192 0.6723869 0.7149070 0.5999813 0.5281531 0.4859825 0.6455749 0.6150511 1.3438902 1.4617282 1.3346598 1.3209230 1.2958504 0.5629636 0.5915810 2.4893020 2.1500800 2.1556334 1.7820805 2.0540281 2.1700850 2.1700850 2.0582097 2.0120655 1.9677865 2.1306847 2.1064382 
tr|A0A1Q9NYK4|A0A1Q9NYK4_HEILC 2.1584533 2.0649595 2.3159761 2.1587688 2.2418301 2.0530167 2.1594686 2.0628847 2.2366874 2.0455319 2.0660005 2.0063342 2.1002616 2.1189732 2.0196305 2.1017508 2.1805098 2.0855062 2.5958232 1.6643396 1.0251445 1.9588502 2.3215067 1.8938800 1.9847196 0.0000000 2.2747980 2.1707271 2.1386571 2.2542450 2.2188269 2.0846071 2.2368110 2.1214571 2.0453384 2.0796046 2.2333109 2.2684977 2.2022878 2.0518051 2.0913481 2.0846325 2.1682794 1.9840311 2.1379525 2.0614842 1.6903772 1.7315602 2.0862624 2.0895505 3.7003968 2.0231110 2.8193753 2.0422125 3.0549312 3.0650096 2.9840124 2.8744304 2.7813854 2.9482027 2.7818754 2.9499957 
tr|A0A842TQE2|A0A842TQE2_9ARCH 1.4642491 1.3949305 1.3488972 1.2951739 1.4329737 1.3867178 1.5567056 1.2677985 1.5849895 1.3912997 1.3306199 1.4418969 1.3697487 1.3576422 1.4351457 1.2889048 1.3820738 1.3873407 2.0288529 1.1766069 2.2355381 2.2418831 2.6963219 1.3854440 0.6329784 2.2747980 0.0000000 0.4843795 1.3934036 1.2951009 1.2714284 1.3458192 0.5800611 0.4934523 0.4980939 0.4737458 0.6312149 0.5961097 0.5252441 0.5607744 0.5070621 0.5797606 0.5859641 1.2141939 1.2773899 1.2315856 1.1772493 1.1467371 0.5454723 0.5781977 2.4958985 2.0793969 2.0527611 1.6734929 2.1620131 2.2276384 2.1573863 2.1548982 2.0264236 2.2055480 2.1334404 2.1174982 
tr|A0A524DYE9|A0A524DYE9_9ARCH 1.5876384 1.3613855 1.4209051 1.3044979 1.3822399 1.3533191 1.5462254 1.2612166 1.6325586 1.3461028 1.3428602 1.5057012 1.3935935 1.3512045 1.4161216 1.3792752 1.3509529 1.4490185 2.1367366 1.2114924 2.2513860 2.1898971 2.3201301 1.4436002 0.7839934 2.1707271 0.4843795 0.0000000 1.6229418 1.4418858 1.4545845 1.5084567 0.6747389 0.6213978 0.6705421 0.5705430 0.7933899 0.7205353 0.6967067 0.6636431 0.6582559 0.7524786 0.7052689 1.3476824 1.5325239 1.3705009 1.1526623 1.1962889 0.6933241 0.7024618 2.2460461 2.0133761 1.9991165 1.7092647 2.0162474 2.0893015 2.0251583 2.0034364 1.8997359 1.9719980 2.0075639 1.9914759 
tr|A0A8J8FZ86|A0A8J8FZ86_9ARCH 1.7149969 1.0291707 1.0923815 1.0146494 1.0321568 1.0222797 1.0725591 1.0014348 1.2034904 1.1307631 0.9998551 0.9241010 1.0922558 1.0655349 0.9315970 0.9863470 0.9846732 1.0595642 2.2769340 1.4335149 2.0156332 2.3892942 2.3834050 1.5168675 1.6366602 2.1386571 1.3934036 1.6229418 0.0000000 0.3287435 0.3328538 1.4405147 1.5131408 1.4607485 1.5052603 1.5548638 1.5038587 1.5476941 1.6955500 1.3768498 1.5284147 1.4639418 1.5102504 1.1019693 1.1636134 1.1427347 1.5756545 1.6545055 1.5298454 1.6069345 3.0546710 1.9645777 2.3472666 2.0428910 2.4036594 2.2964886 2.2192076 2.2271663 2.1905118 2.2741263 2.3998514 2.2158497 
tr|A0A523XDR8|A0A523XDR8_9ARCH 1.6152607 0.9504096 0.9738198 0.9335202 0.9837676 0.9436715 1.0696065 0.9170918 1.0815320 1.0045968 0.8658611 0.9442591 1.0210314 0.9814010 0.8987902 0.8963825 0.9321841 0.9624507 2.2443168 1.2825042 2.0446432 2.4442390 2.3038356 1.4143240 1.4362396 2.2542450 1.2951009 1.4418858 0.3287435 0.0000000 0.1456907 1.4096779 1.3270245 1.2996640 1.2901879 1.4780590 1.4197484 1.4043903 1.4721797 1.2903086 1.3116384 1.3894661 1.4217923 1.1542235 1.2049023 1.1680094 1.5512922 1.6160741 1.3597599 1.4149050 2.7999920 1.7794396 2.3775877 1.9546258 2.3491906 2.3176659 2.2398672 2.1513210 2.1981459 2.3183448 2.3938930 2.1237982 
tr|A0A1Q9PDF7|A0A1Q9PDF7_9ARCH 1.5892111 0.9565977 1.0450897 0.9718824 1.0599245 0.9498969 1.0842186 0.9494514 1.1610418 1.0221474 0.9714746 1.0046311 1.0490082 1.0810765 0.9460157 0.9434538 0.9900762 1.0061825 2.2211465 1.2782383 2.1016625 2.4991394 2.4207267 1.4636263 1.4624203 2.2188269 1.2714284 1.4545845 0.3328538 0.1456907 0.0000000 1.4250406 1.3249931 1.3261998 1.3395894 1.4739653 1.4244838 1.4036860 1.4771128 1.2836958 1.3736533 1.3520942 1.4146443 1.0843729 1.1513712 1.0851142 1.5922226 1.6082742 1.3724603 1.4112365 2.7794767 1.8513808 2.3410888 1.9494159 2.3189434 2.2980800 2.2208038 2.1646014 2.1967297 2.2720214 2.3260871 2.1651583 
tr|A0A5B9DFT6|A0A5B9DFT6_9ARCH 1.1805265 1.4653968 1.3406916 1.4168730 1.3680365 1.4567973 1.5189423 1.4266107 1.5774517 1.3902875 1.3809727 1.5528463 1.4805521 1.4260706 1.3979533 1.3964027 1.4475520 1.3553688 2.1730400 1.4346057 2.1073605 2.1801009 2.4367428 1.4467980 1.3778568 2.0846071 1.3458192 1.5084567 1.4405147 1.4096779 1.4250406 0.0000000 1.3391727 1.2606282 1.3955024 1.4092037 1.3564685 1.4549170 1.3399418 1.3039683 1.3651594 1.3087059 1.3251568 0.5425343 0.5668878 0.5568949 1.3684899 1.4381760 1.4495828 1.5313620 3.0584207 2.2312918 2.3005797 1.7762839 2.3851764 2.4770524 2.3890986 2.0561535 2.1300845 2.2270646 2.3514156 2.0035827 
tr|A0A842VTF2|A0A842VTF2_9ARCH 1.6082698 1.3769531 1.4382321 1.3139397 1.5183846 1.3687886 1.4730983 1.2960210 1.4753127 1.3485124 1.3594296 1.5242837 1.3335419 1.3484054 1.4676684 1.3513296 1.3732454 1.3071924 1.8656334 1.0836302 2.1446215 2.0306096 2.3557926 1.3637249 0.6731320 2.2368110 0.5800611 0.6747389 1.5131408 1.3270245 1.3249931 1.3391727 0.0000000 0.2807375 0.4208915 0.5593342 0.4585077 0.4522221 0.3942775 0.4389872 0.4312777 0.4272124 0.4045979 1.2501385 1.2729513 1.2627343 1.2732349 1.2909322 0.3978238 0.4354649 2.6653218 1.9790839 2.0618472 1.5977180 2.2048500 2.2612807 2.1669813 1.9530064 1.9670363 2.0384958 2.1417688 1.9772024 
tr|A0A524FFV7|A0A524FFV7_9ARCH 1.4656970 1.4177471 1.4816230 1.3564036 1.5214103 1.4095434 1.5673489 1.3103152 1.5176935 1.4006816 1.4304318 1.5196012 1.3993722 1.4079244 1.4871115 1.3748230 1.3865423 1.3497924 1.8075794 1.0621979 2.0468055 1.9548782 2.2094869 1.3483708 0.6471627 2.1214571 0.4934523 0.6213978 1.4607485 1.2996640 1.3261998 1.2606282 0.2807375 0.0000000 0.4625648 0.4388492 0.4045299 0.3891784 0.3735744 0.4797423 0.4937006 0.3753403 0.3922768 1.1566465 1.2358652 1.1941135 1.2417587 1.2390742 0.4549730 0.5086522 2.5709436 1.9367865 2.0589164 1.5038087 2.0292901 2.1085949 2.0171242 1.8470176 1.9585318 2.0384219 1.9919085 1.8460388 
tr|A0A5C9ENF0|A0A5C9ENF0_9ARCH 1.6343965 1.5510600 1.5248735 1.4583269 1.4942063 1.5423700 1.6102785 1.4124949 1.6121632 1.5411570 1.5039017 1.6252624 1.4887760 1.4989520 1.5523891 1.4287682 1.4810228 1.4805030 1.9348589 1.1252950 2.0857213 1.8581749 2.2128958 1.3754851 0.4593209 2.0453384 0.4980939 0.6705421 1.5052603 1.2901879 1.3395894 1.3955024 0.4208915 0.4625648 0.0000000 0.5265921 0.5581290 0.5520037 0.4850143 0.2260072 0.0310736 0.5374723 0.4286612 1.2901841 1.3357521 1.3144513 1.3123305 1.2626822 0.2832213 0.2719233 2.4688028 2.0158363 2.1187530 1.8357154 2.5076337 2.4079303 2.2988994 2.2124206 2.2096556 2.3375152 2.3501536 2.1843426 
tr|A0A850LX16|A0A850LX16_9ARCH 1.5087397 1.4973803 1.4733743 1.4636964 1.5236887 1.4889800 1.6522571 1.4343966 1.6715367 1.4951183 1.5074443 1.5197647 1.5060401 1.5015529 1.4996439 1.4130274 1.4560150 1.5353519 2.0002232 1.2409643 2.1908283 2.0092904 2.3956442 1.4039229 0.6857192 2.0796046 0.4737458 0.5705430 1.5548638 1.4780590 1.4739653 1.4092037 0.5593342 0.4388492 0.5265921 0.0000000 0.6150747 0.5903397 0.5552746 0.5484305 0.5487402 0.5703853 0.5156878 1.3628895 1.4315365 1.3553191 1.2774790 1.2510412 0.5668569 0.6021293 2.6167956 1.8741856 2.0848625 1.6546513 2.1393887 2.0882584 1.9959879 2.0426414 1.9552386 2.0932648 2.0538418 2.0546654 
tr|A0A7K4GLK6|A0A7K4GLK6_9ARCH 1.6117720 1.4428607 1.4649875 1.4197956 1.4961229 1.4346247 1.5353784 1.4149687 1.5811337 1.4648676 1.4501892 1.5157841 1.3614308 1.3960907 1.4636831 1.3835885 1.4664539 1.3761124 2.0191514 1.1792160 2.2081167 1.9963834 2.4021834 1.3129968 0.6723869 2.2333109 0.6312149 0.7933899 1.5038587 1.4197484 1.4244838 1.3564685 0.4585077 0.4045299 0.5581290 0.6150747 0.0000000 0.3496821 0.4696605 0.5633079 0.5709729 0.1478232 0.4520265 1.2883965 1.3607076 1.2880632 1.3086981 1.2712260 0.5862076 0.6647401 2.6524766 1.8721791 2.2510583 1.6045101 2.1010344 2.0753828 2.0079421 1.9541945 1.9971903 2.1164631 2.1291189 1.9972554 
tr|A0A532TG74|A0A532TG74_9ARCH 1.5421795 1.5261181 1.4832507 1.4214036 1.5513862 1.5176357 1.6501459 1.3868961 1.6372409 1.5317429 1.4875527 1.6266006 1.4286758 1.4792077 1.5048516 1.4476805 1.4880955 1.4237014 1.9219085 1.1641417 2.1275321 2.0295180 2.3558903 1.5550625 0.7149070 2.2684977 0.5961097 0.7205353 1.5476941 1.4043903 1.4036860 1.4549170 0.4522221 0.3891784 0.5520037 0.5903397 0.3496821 0.0000000 0.4625786 0.6056651 0.5876697 0.3210259 0.5080375 1.3414730 1.4084775 1.3388798 1.3681486 1.4070992 0.5841875 0.6301140 2.6892698 2.0015483 2.0844406 1.6248361 2.0697160 2.0093156 1.9623429 1.9610378 1.9488423 2.0843599 1.9704552 1.9643082 
tr|A0A532TQT5|A0A532TQT5_9ARCH 1.4861556 1.5375191 1.5442987 1.4321695 1.5262633 1.5287929 1.7141097 1.4362867 1.6489064 1.5168083 1.5112278 1.6670201 1.4453922 1.4620105 1.5763785 1.4249684 1.5071276 1.4438041 1.9286356 1.1109066 2.0625879 2.1244041 2.1986016 1.4335806 0.5999813 2.2022878 0.5252441 0.6967067 1.6955500 1.4721797 1.4771128 1.3399418 0.3942775 0.3735744 0.4850143 0.5552746 0.4696605 0.4625786 0.0000000 0.5409627 0.5063819 0.4301197 0.3598389 1.2820518 1.2768523 1.2500337 1.3236169 1.2629231 0.5213622 0.5498642 2.5986545 1.9236132 1.9942328 1.6150506 1.9533999 2.0538194 1.9779318 1.8458317 1.8453949 1.9155703 1.9756912 1.8233005 
tr|A0A842RRD6|A0A842RRD6_9ARCH 1.6726363 1.4800797 1.5244588 1.4339986 1.4223575 1.4715504 1.5611084 1.4135423 1.5872127 1.4268036 1.4221484 1.5009211 1.4534243 1.4777560 1.4951344 1.3734207 1.4289230 1.3683347 1.9162557 1.2036473 2.1085399 1.9979517 2.3777015 1.3094579 0.5281531 2.0518051 0.5607744 0.6636431 1.3768498 1.2903086 1.2836958 1.3039683 0.4389872 0.4797423 0.2260072 0.5484305 0.5633079 0.6056651 0.5409627 0.0000000 0.2214522 0.5396583 0.4394722 1.2065844 1.2337157 1.2114279 1.3646043 1.3425896 0.2858616 0.2939619 2.5365566 2.0353572 2.0181420 1.7145237 2.4923720 2.4334443 2.3151626 2.2017794 2.1414770 2.2857779 2.2616758 2.1830897 
tr|A0A842T1Y7|A0A842T1Y7_9ARCH 1.5976966 1.5536709 1.5093780 1.4538177 1.4722425 1.5449364 1.5848911 1.4188088 1.5980001 1.5267430 1.4920926 1.6350375 1.4895164 1.4968652 1.5697643 1.4164582 1.4689625 1.4559027 1.9347684 1.1110454 2.1000246 1.9512289 2.1824817 1.3428567 0.4859825 2.0913481 0.5070621 0.6582559 1.5284147 1.3116384 1.3736533 1.3651594 0.4312777 0.4937006 0.0310736 0.5487402 0.5709729 0.5876697 0.5063819 0.2214522 0.0000000 0.5558617 0.4547688 1.2882814 1.3185195 1.3190342 1.2941168 1.2556492 0.2815760 0.2677073 2.4967988 2.0667816 2.0857138 1.8446851 2.6214715 2.4728826 2.3629052 2.3139659 2.2448195 2.4180432 2.4189828 2.2746016 
tr|A0A7K4HAU6|A0A7K4HAU6_9ARCH 1.5547832 1.4598633 1.5139914 1.4216013 1.4914162 1.4511842 1.5228026 1.4088324 1.5430157 1.4796850 1.3962074 1.5481732 1.2649716 1.3719598 1.4323667 1.4164698 1.5383842 1.3657529 2.0005342 1.2146719 2.1443397 1.9577285 2.3998974 1.3111674 0.6455749 2.0846325 0.5797606 0.7524786 1.4639418 1.3894661 1.3520942 1.3087059 0.4272124 0.3753403 0.5374723 0.5703853 0.1478232 0.3210259 0.4301197 0.5396583 0.5558617 0.0000000 0.4143272 1.2540253 1.3029986 1.2601111 1.3183260 1.3022562 0.5179870 0.5721469 2.6608394 1.8785313 2.0834330 1.6345838 2.1031080 2.0082283 1.9265794 1.9762884 1.9305963 2.0627719 1.9627101 2.0313180 
tr|A0A524DMT7|A0A524DMT7_9ARCH 1.6643376 1.4715774 1.4999172 1.4081901 1.4623174 1.4630768 1.5894113 1.4073053 1.5596759 1.4330442 1.5040820 1.5936873 1.4492176 1.3884110 1.5328747 1.3627931 1.4418777 1.4402083 1.8736204 1.1796726 2.2077768 1.9783413 2.3154142 1.3003785 0.6150511 2.1682794 0.5859641 0.7052689 1.5102504 1.4217923 1.4146443 1.3251568 0.4045979 0.3922768 0.4286612 0.5156878 0.4520265 0.5080375 0.3598389 0.4394722 0.4547688 0.4143272 0.0000000 1.2420189 1.3409703 1.2219701 1.2670048 1.2712161 0.4688011 0.5160995 2.5412668 1.9863292 2.1099707 1.6537961 2.2581344 2.1852259 2.1014857 2.0197105 1.9671307 2.0953985 2.0866217 2.0551486 
tr|A0A532TG02|A0A532TG02_9ARCH 0.8166820 1.2768444 1.1710050 1.2331893 1.2121672 1.2690928 1.4327960 1.2239979 1.4429386 1.2594824 1.2379116 1.3817566 1.2735385 1.2862302 1.2719281 1.2406154 1.2938614 1.2714117 1.9145159 1.1918698 1.8735381 2.1453422 2.2990497 1.3103518 1.3438902 1.9840311 1.2141939 1.3476824 1.1019693 1.1542235 1.0843729 0.5425343 1.2501385 1.1566465 1.2901841 1.3628895 1.2883965 1.3414730 1.2820518 1.2065844 1.2882814 1.2540253 1.2420189 0.0000000 0.1488449 0.0302924 1.2657528 1.2524410 1.3591077 1.3881655 2.5601425 1.7937228 2.1192047 1.6313968 2.1900619 2.3423416 2.2619462 1.9870130 1.9894504 2.0970851 2.2031627 2.0153328 
tr|A0A7K4GT41|A0A7K4GT41_9ARCH 0.9135148 1.3490216 1.2314599 1.2754353 1.2930389 1.3409748 1.4592365 1.2940457 1.4555920 1.2923468 1.2815822 1.4775450 1.3007223 1.2986742 1.3123270 1.2664263 1.3089282 1.3654065 2.0134464 1.2791034 1.9243388 2.2753109 2.5027707 1.3743227 1.4617282 2.1379525 1.2773899 1.5325239 1.1636134 1.2049023 1.1513712 0.5668878 1.2729513 1.2358652 1.3357521 1.4315365 1.3607076 1.4084775 1.2768523 1.2337157 1.3185195 1.3029986 1.3409703 0.1488449 0.0000000 0.1474231 1.3949828 1.4001891 1.4376843 1.4657575 2.7060271 1.9523153 2.1364888 1.7781365 2.3469341 2.4049290 2.2737072 2.0053037 1.9980304 2.1436480 2.1906631 2.0514093 
tr|A0A523VWA6|A0A523VWA6_9ARCH 0.8313423 1.2571240 1.1658220 1.2321256 1.2225873 1.2494169 1.4426809 1.2336148 1.4428503 1.2691044 1.2365947 1.3709484 1.2639705 1.2954305 1.2634805 1.2594561 1.2893182 1.2478643 1.9259492 1.2036890 1.8821890 2.2195059 2.2782398 1.3069587 1.3346598 2.0614842 1.2315856 1.3705009 1.1427347 1.1680094 1.0851142 0.5568949 1.2627343 1.1941135 1.3144513 1.3553191 1.2880632 1.3388798 1.2500337 1.2114279 1.3190342 1.2601111 1.2219701 0.0302924 0.1474231 0.0000000 1.2799262 1.2744091 1.3671927 1.3697464 2.6003721 1.8458139 2.1246810 1.6198511 2.1723534 2.3275454 2.2468102 1.9783614 2.0085612 2.1057960 2.2475074 2.0019850 
tr|A0A850MMU8|A0A850MMU8_9ARCH 1.5394743 1.3481745 1.2928887 1.2696559 1.3094956 1.3433996 1.4233881 1.2657422 1.4476883 1.3261809 1.2629135 1.3749358 1.3588422 1.3051816 1.3276333 1.2902143 1.3170104 1.2920210 2.0686119 1.1369471 1.7493766 1.9557286 2.3686898 1.3337538 1.3209230 1.6903772 1.1772493 1.1526623 1.5756545 1.5512922 1.5922226 1.3684899 1.2732349 1.2417587 1.3123305 1.2774790 1.3086981 1.3681486 1.3236169 1.3646043 1.2941168 1.3183260 1.2670048 1.2657528 1.3949828 1.2799262 0.0000000 0.1860582 1.3434699 1.3715889 2.8886032 2.1126801 2.2837163 1.5752005 2.3581820 2.4454229 2.3767731 2.2759510 2.3989364 2.5115923 2.5130839 2.3298921 
tr|A0A850M1A4|A0A850M1A4_9ARCH 1.4957053 1.4325643 1.3272533 1.4007389 1.4408752 1.4275747 1.4999540 1.4135775 1.5243824 1.4247826 1.3427926 1.4442999 1.4588865 1.3761513 1.3984391 1.3551316 1.3820723 1.3921507 2.1021069 1.0718487 1.7061365 1.9329890 2.3117751 1.3220504 1.2958504 1.7315602 1.1467371 1.1962889 1.6545055 1.6160741 1.6082742 1.4381760 1.2909322 1.2390742 1.2626822 1.2510412 1.2712260 1.4070992 1.2629231 1.3425896 1.2556492 1.3022562 1.2712161 1.2524410 1.4001891 1.2744091 0.1860582 0.0000000 1.2980667 1.3478260 2.9776145 2.0791455 2.2333129 1.6299047 2.3571958 2.4595188 2.3791656 2.3210053 2.3233637 2.4166005 2.4857475 2.2956591 
tr|A0A5C9EGX5|A0A5C9EGX5_9ARCH 1.6380546 1.4659455 1.5047019 1.4200383 1.4002851 1.4575905 1.4807258 1.3900608 1.6007496 1.4941583 1.4704361 1.5734303 1.4729519 1.4544861 1.5478559 1.3912658 1.4534220 1.3974305 2.0356598 1.2511859 2.0597438 2.1677692 2.2285336 1.4410830 0.5629636 2.0862624 0.5454723 0.6933241 1.5298454 1.3597599 1.3724603 1.4495828 0.3978238 0.4549730 0.2832213 0.5668569 0.5862076 0.5841875 0.5213622 0.2858616 0.2815760 0.5179870 0.4688011 1.3591077 1.4376843 1.3671927 1.3434699 1.2980667 0.0000000 0.1073581 2.4727673 2.0474080 1.8403740 1.6923242 2.4385730 2.2781117 2.1398369 2.0749419 2.0546493 2.2074860 2.1958205 2.0495932 
tr|A0A842U2E8|A0A842U2E8_9ARCH 1.6364036 1.5186329 1.5911088 1.4507797 1.4677838 1.5100881 1.5307093 1.4243006 1.6743092 1.5256574 1.4687335 1.5667637 1.4902566 1.5274095 1.5602746 1.4749625 1.5088443 1.4132005 1.9867927 1.2675513 2.1011945 2.0636009 2.2220962 1.4497118 0.5915810 2.0895505 0.5781977 0.7024618 1.6069345 1.4149050 1.4112365 1.5313620 0.4354649 0.5086522 0.2719233 0.6021293 0.6647401 0.6301140 0.5498642 0.2939619 0.2677073 0.5721469 0.5160995 1.3881655 1.4657575 1.3697464 1.3715889 1.3478260 0.1073581 0.0000000 2.3637752 2.0338240 1.8612587 1.8061755 2.4546565 2.2933489 2.1470667 2.0717644 2.1481708 2.2650776 2.2381533 2.0590894 
tr|A0A135VQM4|A0A135VQM4_9ARCH 2.5951072 2.7056330 2.7664965 2.7210675 2.7864637 2.6949868 2.6630864 2.6467118 2.7205376 2.7332588 2.6712639 2.8574317 2.6410517 2.8172174 2.6863006 2.6741691 2.7726351 3.1247305 2.9312968 2.7103174 3.7287915 2.9029176 2.8219988 2.4972166 2.4893020 3.7003968 2.4958985 2.2460461 3.0546710 2.7999920 2.7794767 3.0584207 2.6653218 2.5709436 2.4688028 2.6167956 2.6524766 2.6892698 2.5986545 2.5365566 2.4967988 2.6608394 2.5412668 2.5601425 2.7060271 2.6003721 2.8886032 2.9776145 2.4727673 2.3637752 0.0000000 2.8945361 3.6997086 3.0381504 3.3283187 3.6531931 3.6531931 3.2726191 3.7564999 3.7084471 3.4566600 3.3895757 
tr|A0A1Q9NEF1|A0A1Q9NEF1_HEILC 2.1399317 1.7545366 1.6725587 1.5318966 1.7083949 1.7430319 1.7971092 1.6590428 1.8197628 1.6908113 1.7059686 1.7236519 1.7687186 1.7574977 1.7537895 1.5970307 1.6107688 1.7562429 2.9740037 1.8129796 2.5099083 2.7668033 2.8425821 2.0749921 2.1500800 2.0231110 2.0793969 2.0133761 1.9645777 1.7794396 1.8513808 2.2312918 1.9790839 1.9367865 2.0158363 1.8741856 1.8721791 2.0015483 1.9236132 2.0353572 2.0667816 1.8785313 1.9863292 1.7937228 1.9523153 1.8458139 2.1126801 2.0791455 2.0474080 2.0338240 2.8945361 0.0000000 2.6859688 2.2843145 2.2832983 2.6234611 2.6234611 2.2989081 2.3667150 2.3683889 2.4587252 2.2321451 
tr|A0A842VYS6|A0A842VYS6_9ARCH 2.2536125 2.3174325 2.4741051 2.3154229 2.3210235 2.3035085 2.2681512 2.3098861 2.3470405 2.5440623 2.2677268 2.1466393 2.3468439 2.3302147 2.3287358 2.2837166 2.3598183 2.3576218 3.7716978 2.1614890 2.8961208 3.1531898 3.0892619 2.2790364 2.1556334 2.8193753 2.0527611 1.9991165 2.3472666 2.3775877 2.3410888 2.3005797 2.0618472 2.0589164 2.1187530 2.0848625 2.2510583 2.0844406 1.9942328 2.0181420 2.0857138 2.0834330 2.1099707 2.1192047 2.1364888 2.1246810 2.2837163 2.2333129 1.8403740 1.8612587 3.6997086 2.6859688 0.0000000 1.7900483 1.5634270 1.5020930 1.5020930 1.4413258 1.4365616 1.4102094 1.4829584 1.3662879 
tr|A0A1Q9MR93|A0A1Q9MR93_LOKAC 1.8230377 1.7649731 1.8391604 1.8332626 1.8053234 1.7769459 1.9099038 1.8303862 1.7930147 2.0134100 1.7827308 1.8369304 1.8636520 1.8197539 1.7321963 1.7393192 1.8575611 1.8537836 2.6149884 1.5900034 2.0180357 2.7597291 2.6523522 1.6104193 1.7820805 2.0422125 1.6734929 1.7092647 2.0428910 1.9546258 1.9494159 1.7762839 1.5977180 1.5038087 1.8357154 1.6546513 1.6045101 1.6248361 1.6150506 1.7145237 1.8446851 1.6345838 1.6537961 1.6313968 1.7781365 1.6198511 1.5752005 1.6299047 1.6923242 1.8061755 3.0381504 2.2843145 1.7900483 0.0000000 2.1215192 2.2710710 2.1847573 2.1490757 2.0360840 2.1683482 2.2785533 2.2026775 
tr|A0A842T131|A0A842T131_9ARCH 2.4468284 2.2695970 2.3334448 2.3554295 2.4185362 2.2840069 2.5734191 2.3486595 2.5371806 2.4885226 2.3712773 2.4177338 2.4153141 2.4636440 2.3060674 2.2835888 2.3661561 2.5668287 3.1280764 2.1368121 2.5091441 2.8086576 3.2646569 2.4789742 2.0540281 3.0549312 2.1620131 2.0162474 2.4036594 2.3491906 2.3189434 2.3851764 2.2048500 2.0292901 2.5076337 2.1393887 2.1010344 2.0697160 1.9533999 2.4923720 2.6214715 2.1031080 2.2581344 2.1900619 2.3469341 2.1723534 2.3581820 2.3571958 2.4385730 2.4546565 3.3283187 2.2832983 1.5634270 2.1215192 0.0000000 0.4719575 0.4375744 0.2929021 0.4347324 0.4683872 0.4103462 0.3242737 
tr|A0A842UE99|A0A842UE99_9ARCH 2.4655577 2.2360018 2.2683750 2.2364821 2.2883528 2.2501307 2.2233305 2.2393465 2.4159352 2.2502042 2.1965889 2.2166975 2.3270415 2.2208300 2.1470324 2.0886777 2.2409421 2.3669078 3.2926423 2.2646247 2.8758035 2.9499499 3.3410910 2.4492651 2.1700850 3.0650096 2.2276384 2.0893015 2.2964886 2.3176659 2.2980800 2.4770524 2.2612807 2.1085949 2.4079303 2.0882584 2.0753828 2.0093156 2.0538194 2.4334443 2.4728826 2.0082283 2.1852259 2.3423416 2.4049290 2.3275454 2.4454229 2.4595188 2.2781117 2.2933489 3.6531931 2.6234611 1.5020930 2.2710710 0.4719575 0.0000000 0.0000010 0.4720502 0.2977599 0.3481824 0.4927539 0.5043597 
tr|A0A842VPW4|A0A842VPW4_9ARCH 2.4655577 2.1593913 2.1969403 2.1804554 2.2191217 2.1734931 2.1051293 2.1701181 2.3256620 2.1988682 2.1342456 2.1247314 2.2539446 2.1585902 2.0680072 2.0024213 2.1516276 2.2786365 3.2926423 2.1872429 2.7516013 2.9499499 3.3410910 2.3399436 2.1700850 2.9840124 2.1573863 2.0251583 2.2192076 2.2398672 2.2208038 2.3890986 2.1669813 2.0171242 2.2988994 1.9959879 2.0079421 1.9623429 1.9779318 2.3151626 2.3629052 1.9265794 2.1014857 2.2619462 2.2737072 2.2468102 2.3767731 2.3791656 2.1398369 2.1470667 3.6531931 2.6234611 1.5020930 2.1847573 0.4375744 0.0000010 0.0000000 0.4720502 0.2977599 0.2989548 0.4927539 0.5043597 
tr|A0A5C9EUG0|A0A5C9EUG0_9ARCH 2.2723732 2.2131600 2.1697637 2.1409888 2.1897067 2.2279073 2.1862256 2.1963838 2.2932964 2.3269741 2.1897022 2.2160524 2.2477885 2.2083550 2.1426659 2.0847849 2.1474146 2.2955200 3.1179290 2.0020298 2.5384487 2.7611768 3.1074792 2.2768646 2.0582097 2.8744304 2.1548982 2.0034364 2.2271663 2.1513210 2.1646014 2.0561535 1.9530064 1.8470176 2.2124206 2.0426414 1.9541945 1.9610378 1.8458317 2.2017794 2.3139659 1.9762884 2.0197105 1.9870130 2.0053037 1.9783614 2.2759510 2.3210053 2.0749419 2.0717644 3.2726191 2.2989081 1.4413258 2.1490757 0.2929021 0.4720502 0.4720502 0.0000000 0.4035831 0.4124307 0.4070493 0.0811011 
tr|A0A524F3Z0|A0A524F3Z0_9ARCH 2.2968292 2.1127067 2.2533134 2.1876924 2.1487042 2.1268566 2.1965341 2.2114085 2.2207104 2.2520124 2.2017402 2.2477449 2.2704826 2.2086971 2.1235287 2.0924649 2.1896582 2.2202575 3.1807761 2.0722240 2.4047213 2.9625717 3.3439076 2.1974917 2.0120655 2.7813854 2.0264236 1.8997359 2.1905118 2.1981459 2.1967297 2.1300845 1.9670363 1.9585318 2.2096556 1.9552386 1.9971903 1.9488423 1.8453949 2.1414770 2.2448195 1.9305963 1.9671307 1.9894504 1.9980304 2.0085612 2.3989364 2.3233637 2.0546493 2.1481708 3.7564999 2.3667150 1.4365616 2.0360840 0.4347324 0.2977599 0.2977599 0.4035831 0.0000000 0.0280435 0.4202276 0.4227102 
tr|A0A524DNE2|A0A524DNE2_9ARCH 2.2533491 2.2461889 2.4365123 2.3063752 2.3018704 2.2605822 2.3902239 2.3441297 2.3845368 2.3459829 2.3167213 2.4213427 2.4369676 2.3467576 2.2601162 2.2551031 2.3502567 2.3630068 3.1764348 2.1843767 2.4877107 2.8499124 3.3287247 2.3028874 1.9677865 2.9482027 2.2055480 1.9719980 2.2741263 2.3183448 2.2720214 2.2270646 2.0384958 2.0384219 2.3375152 2.0932648 2.1164631 2.0843599 1.9155703 2.2857779 2.4180432 2.0627719 2.0953985 2.0970851 2.1436480 2.1057960 2.5115923 2.4166005 2.2074860 2.2650776 3.7084471 2.3683889 1.4102094 2.1683482 0.4683872 0.3481824 0.2989548 0.4124307 0.0280435 0.0000000 0.4452519 0.4362208 
tr|A0A842RV23|A0A842RV23_9ARCH 2.4384506 2.3137778 2.4576680 2.3170454 2.4480926 2.3291715 2.4224131 2.2782127 2.4415001 2.5423663 2.3710115 2.3707960 2.3879896 2.4602932 2.2544911 2.2643673 2.3955722 2.4209472 3.0475518 2.0463819 2.6077797 2.9369462 3.3721476 2.2808352 2.1306847 2.7818754 2.1334404 2.0075639 2.3998514 2.3938930 2.3260871 2.3514156 2.1417688 1.9919085 2.3501536 2.0538418 2.1291189 1.9704552 1.9756912 2.2616758 2.4189828 1.9627101 2.0866217 2.2031627 2.1906631 2.2475074 2.5130839 2.4857475 2.1958205 2.2381533 3.4566600 2.4587252 1.4829584 2.2785533 0.4103462 0.4927539 0.4927539 0.4070493 0.4202276 0.4452519 0.0000000 0.4135563 
